201.0 201.0 200.0
401.0 201.0 200.0
334.3333333333333 267.6666666666667 66.66666666666667
267.6666666666667 267.6666666666667 66.66666666666667

281.0 281.0 40.0
267.6666666666667 334.3333333333333 66.66666666666667
201.0 401.0 200.0
267.6666666666667 267.6666666666667 66.66666666666667

286.7142857142857 286.7142857142857 28.571428571428573
321.0 281.0 40.0
334.3333333333333 334.3333333333333 66.66666666666667
281.0 321.0 40.0

267.6666666666667 334.3333333333333 66.66666666666667
401.0 401.0 200.0
334.3333333333333 267.6666666666667 66.66666666666667
281.0 281.0 40.0

286.7142857142857 315.2857142857143 28.571428571428573
321.0 321.0 40.0
334.3333333333333 334.3333333333333 66.66666666666667
281.0 321.0 40.0

321.0 281.0 40.0
321.0 321.0 40.0
315.2857142857143 315.2857142857143 28.571428571428573
315.2857142857143 286.7142857142857 28.571428571428573